108,6
106,6
105,7
101,17
101,16
101,15
101,14
109,19
109,18
109,17
109,16
109,15
109,14
109,13
109,12
109,11
109,10
109,9
109,8
109,7
109,6
109,5
109,4
109,3
109,2
109,1
109,0
101,13
101,12
101,11
101,10
108,4
108,3
108,2
108,1
108,0
78,8
78,7
78,6
107,3
107,2
107,1
107,0
106,4
106,3
106,2
106,1
106,0
105,6
105,5
105,3
105,2
105,1
105,0
104,5
104,4
104,3
104,2
104,1
104,0
103,4
103,3
103,2
103,1
103,0
102,3
102,2
102,1
102,0
101,9
101,3
101,2
101,1
101,0
100,4
100,3
100,2
100,1
100,0
99,4
99,3
99,2
99,1
99,0
98,9
98,8
98,7
98,6
98,5
98,4
98,3
98,2
98,1
98,0
97,9
97,8
97,7
97,6
97,5
97,4
97,3
97,2
97,1
97,0
96,9
96,8
96,7
96,6
96,5
96,4
96,3
96,2
96,1
96,0
95,7
95,6
95,5
89,12
95,4
95,3
95,2
95,1
95,0
80,4
89,11
89,10
58,5
94,5
94,4
94,3
94,2
94,1
94,0
93,4
93,3
93,2
93,1
93,0
92,3
92,2
92,1
92,0
91,4
91,3
91,2
91,1
91,0
90,3
90,2
90,1
90,0
89,9
89,8
89,7
89,6
89,5
89,4
89,3
89,2
89,1
89,0
88,8
88,7
88,6
88,5
88,4
88,3
88,2
88,1
88,0
87,7
87,6
87,5
87,4
87,3
87,2
87,1
87,0
86,6
86,5
86,4
86,3
86,2
86,1
86,0
85,5
85,4
85,3
85,2
85,1
85,0
84,4
84,3
84,2
84,1
84,0
83,3
83,2
83,1
83,0
82,3
82,2
82,1
82,0
81,3
81,2
81,1
81,0
80,3
80,2
80,1
80,0
79,3
79,2
79,1
79,0
78,5
78,4
78,3
78,2
78,1
78,0
77,3
77,2
77,1
77,0
76,3
76,2
76,1
76,0
75,8
75,6
75,5
75,4
75,3
75,2
75,1
75,0
74,4
74,3
74,2
74,1
74,0
73,3
73,2
73,1
73,0
72,3
72,2
72,1
72,0
71,4
71,3
71,2
71,1
71,0
70,4
70,3
70,2
70,1
70,0
69,4
69,3
69,2
69,1
69,0
68,4
68,3
68,2
68,1
68,0
67,4
67,3
67,2
67,1
67,0
66,4
66,3
66,2
66,1
66,0
65,4
65,3
65,2
65,1
65,0
64,3
64,2
64,1
64,0
63,4
63,3
63,2
63,1
63,0
62,3
62,2
62,1
62,0
61,3
61,2
61,1
61,0
60,5
60,4
60,3
60,2
60,1
60,0
59,3
59,2
59,1
59,0
58,4
58,3
58,2
58,1
58,0
57,3
57,2
57,1
57,0
49,13
49,12
56,5
56,4
56,3
56,2
56,1
56,0
26,8
26,7
26,6
55,3
55,2
55,1
55,0
54,5
54,4
54,3
54,2
54,1
54,0
53,6
53,5
53,4
53,3
53,2
53,1
53,0
52,5
52,4
52,3
52,2
52,1
52,0
51,4
51,3
51,2
51,1
51,0
50,3
50,2
50,1
50,0
49,9
49,8
49,7
49,6
49,5
49,4
49,3
49,2
49,1
49,0
48,4
48,3
48,2
48,1
48,0
47,4
47,3
47,2
47,1
47,0
46,9
46,8
46,7
46,6
46,5
46,4
46,3
46,2
46,1
46,0
45,9
45,8
45,7
45,6
45,5
45,4
45,3
45,2
45,1
45,0
44,9
44,8
44,7
44,6
44,5
44,4
44,3
44,2
44,1
44,0
43,7
37,12
43,4
43,3
43,2
43,1
43,0
28,4
37,11
37,10
6,5
42,5
42,4
42,3
42,2
42,1
42,0
41,4
41,3
41,2
41,1
41,0
40,3
40,2
40,1
40,0
39,4
39,3
39,2
39,1
39,0
38,3
38,2
38,1
38,0
37,9
37,8
37,7
37,6
37,5
37,4
37,3
37,2
37,1
37,0
36,8
36,7
36,6
36,5
36,4
36,3
36,2
36,1
36,0
35,7
35,6
35,5
35,4
35,3
35,2
35,1
35,0
34,6
34,5
34,4
34,3
34,2
34,1
34,0
33,5
33,4
33,3
33,2
33,1
33,0
32,4
32,3
32,2
32,1
32,0
31,3
31,2
31,1
31,0
30,3
30,2
30,1
30,0
29,3
29,2
29,1
29,0
28,3
28,2
28,1
28,0
27,3
27,2
27,1
27,0
26,5
2,5
2,1
2,4
2,2
2,0
26,4
26,3
26,2
26,1
26,0
25,3
25,2
25,1
25,0
24,3
24,2
24,1
24,0
23,8
23,6
23,5
23,4
23,3
23,2
23,1
23,0
22,4
22,3
22,2
22,1
22,0
21,3
21,2
21,1
21,0
20,3
20,2
20,1
20,0
19,4
19,3
19,2
19,1
19,0
18,4
18,3
18,2
18,1
18,0
17,4
17,3
17,2
17,1
17,0
16,4
16,3
16,2
16,1
16,0
15,4
15,3
15,2
15,1
15,0
14,4
14,3
14,2
14,1
14,0
13,4
13,3
13,2
13,1
13,0
12,3
12,2
12,1
12,0
11,4
11,3
11,2
11,1
11,0
10,3
10,2
10,1
10,0
9,3
9,2
9,1
9,0
8,5
8,4
8,3
8,2
8,1
8,0
7,3
7,2
7,1
7,0
6,4
6,3
6,2
6,1
6,0
5,3
5,2
5,1
5,0
0,9
0,243
4,3
2,3
1,3
0,1
0,300
0,299
0,298
0,297
0,296
0,295
0,294
0,293
0,292
0,291
0,290
0,289
0,288
0,287
0,286
0,285
0,284
0,283
0,282
0,281
0,280
0,279
0,278
0,277
0,276
0,275
0,274
0,273
0,272
0,271
0,270
0,269
0,268
0,267
0,266
0,265
0,264
0,263
0,262
0,261
0,260
0,259
0,258
0,257
0,256
0,255
0,254
0,253
0,252
0,251
0,250
0,249
0,248
0,247
0,246
0,245
0,244
0,242
0,241
0,240
0,239
0,238
0,237
0,236
0,235
0,234
0,233
0,232
0,231
0,230
0,229
0,228
0,227
0,226
0,225
0,224
0,223
0,222
0,221
0,220
0,219
0,218
0,217
0,216
0,215
0,214
0,213
0,212
0,211
0,210
0,209
0,208
0,207
0,206
0,205
0,204
0,203
0,202
0,201
0,200
0,199
0,198
0,197
0,196
0,195
0,194
0,193
0,192
0,63
0,62
0,61
0,60
0,59
0,58
0,57
0,56
0,55
0,54
0,53
0,52
0,51
0,50
0,49
0,48
0,47
0,46
0,45
0,6
0,0
0,5
0,304
0,303
0,306
0,305
0,302
0,12
0,10
0,8
0,11
0,2
0,4
0,3
0,7
